1.887480589956625636e+03
5.342008547181969789e+02
1.113084360624077362e+02
3.313291207303701924e+01
2.329214295069275309e+01
1.585526769019730686e+01
1.644211422381001597e+00
6.993379498141778505e-01
3.797889227231385778e-01
2.771857966899063386e-01
1.453674827728640151e-01
1.385420504294664346e-01
1.110255736762408435e-01
8.613841824658491353e-02
6.422827816889312147e-02
5.741474578400416334e-02
5.421939346254951025e-02
4.303498486719002647e-02
3.682588457101023532e-02
3.249885242210545644e-02
2.728806129558001420e-02
2.171871867112769999e-02
1.589291022136261541e-02
1.465112229998647396e-02
1.248809791993310374e-02
1.151929433065761697e-02
9.397044968068956824e-03
8.667447712044086885e-03
7.160525070195749436e-03
6.734313432684096469e-03
5.202193707160111640e-03
4.522424350219163280e-03
4.100863993406106238e-03
3.418857800446294289e-03
3.130315537815489026e-03
2.996622320929945814e-03
2.247809556099095076e-03
1.749396531680601739e-03
1.457718993496794806e-03
9.064988096418373454e-04
6.209486271846510752e-04
1.055070573100825063e-04
-2.862151455862205793e-04
-5.129270034263785829e-04
-9.189232818007256418e-04
-1.466288543107946256e-03
-1.866294317833710852e-03
-2.729988319273498297e-03
-2.843707963519679412e-03
-3.470574502871354508e-03
